,S287,A287,F147,L400,H414,Y147,P333,L133,D444,L415,R446,M133,L418,A356,S351,N448,W59,H446,M450,T288
0,0.19228793499662072,0.18738008607745624,0.12377195031492295,0.09293489116345705,0.08789219253263054,0.09033652613110778,0.06312062807348838,0.038752947305939485,0.012088082965079381,0.03317148811618746,0.03601032012068632,0.017170254912716947,0.008942896802215964,0.010610069908280048,0.001187351292456466,0.0012812848309099664,0.0015540607710345922,0.0005402386051167896,0.0009598980801115392,6.896999581315271e-06
1,0.20016418131978006,0.16804570812449288,0.1411417503457587,0.07465534704710772,0.07544803427448407,0.08163372383055799,0.07063353933803326,0.04296312084195013,0.013203858911814692,0.03908097906752605,0.030250307077339066,0.033194143998414735,0.014769294246168201,0.009551838860058929,0.0022284060847838406,0.0012429873365525444,0.00030525354316835975,0.0006128489703011915,0.0008464756544826502,2.8201127224936095e-05
2,0.1953329740392693,0.14849844620436206,0.13389061763934126,0.10692026284653419,0.08309304959481209,0.08831222205926206,0.05353536809960332,0.04508236700236629,0.009827356806700136,0.043604270586710576,0.033754221965515536,0.03241598900913561,0.012588030145936381,0.00740267687588486,0.0011485395129400753,0.0023004787143265154,0.0004510642658744348,0.00082760770417947,0.0009610874981354304,5.336942911041863e-05
3,0.1928943432036618,0.16732409679421584,0.13100326538096307,0.08346881648300217,0.09224622173616191,0.10367190701656905,0.06385006162061833,0.03937577279831086,0.006205344675586078,0.02225260195851998,0.037887322002572554,0.03656410958675031,0.01026376934153025,0.008282933198877152,6.0178897659077704e-05,0.0013184240751464968,0.001294679050538743,0.0014479892422151555,0.0005465398730651704,4.1623064036059005e-05
4,0.20849230400093738,0.1848709525864685,0.10590853812090753,0.0816949832818202,0.08698077998280587,0.1062447656777144,0.06092344313117402,0.03151150663938422,0.008714181098457287,0.029510257076198115,0.04610053750342737,0.03282813028254351,0.005035368980675426,0.008560043608367516,4.714160507687995e-05,0.001136959999159752,9.044522489784699e-05,0.0003296362852004056,0.0010194386929527918,5.862218309797314e-07
5,0.17558527344695893,0.16943258833170038,0.13048974942165542,0.10357948314638188,0.07720893167338168,0.09043805771835732,0.05919052677289307,0.03170383595895474,0.0087336832274677,0.04142260250542515,0.055165994780270323,0.02671125914505958,0.01379202146909716,0.011908526806901068,0.0012414764050446261,0.00011132014699163518,0.0013763867852445194,0.00039193433580547173,0.0015092116724918197,7.13624991751235e-06
6,0.21888454942800203,0.18210226805868737,0.11353486134849794,0.10310444074348202,0.0841150261240128,0.0712676400449247,0.06908284500036442,0.027328624245508203,0.006297061641275841,0.03875303260775381,0.02997544264260703,0.02091994886193211,0.01831043463694824,0.009616192188886869,0.003434898814370061,0.0001472264445532993,0.00021090996245270687,0.0008680790222245259,0.0009427365018895418,0.0011037816816265248
7,0.2213412718761064,0.1877175818834355,0.12751980846422253,0.11028299052217228,0.0560940406863292,0.0848770092213197,0.030470669529859783,0.03757412003879642,0.019019552411542334,0.05856211440911398,0.027538057438165373,0.019629281696237535,0.008885972052199057,0.006011127045847871,0.0012315635196589675,7.847602771325916e-05,0.00018072833335925284,0.0007194305142875508,0.0011579561050145096,0.0011082482246186254
8,0.1827633492619435,0.1962958265736666,0.14738095892058353,0.1072686094533075,0.07091803989208238,0.10155137197690114,0.046187909945714735,0.033907038509218806,0.010872698664574871,0.02935978775777108,0.02752857482184474,0.01950720675333228,0.011272871114998237,0.010920431481284243,0.00010235592892777283,0.0011918196881962574,0.00024018897828148304,0.001837174124047773,0.0008689310388384883,2.485511448452856e-05
9,0.20243769682755908,0.1984246255769754,0.11638815539939716,0.07760821753889778,0.10266247974684561,0.08243805287021976,0.06588189752612335,0.04053304844765052,0.0038807581935521593,0.03188901744877654,0.03092696328693412,0.02431456694711131,0.008990579567462933,0.007175722423229321,0.0013241288535255234,0.0011725330126129935,0.0014885837080169811,0.0016351342450225854,0.0007945193143097614,3.3319065777257295e-05
10,0.1921493127843267,0.19119958025123096,0.08914583283366692,0.07804237410325476,0.12500724443259317,0.06573307706096572,0.0572983536917914,0.049839293927775245,0.02308294226459342,0.02701747415081373,0.05062719319387943,0.036077321985415974,0.0022247444766119928,0.0057697669271496695,0.0022117934023366394,0.0014180794740259466,0.0004076979032335029,0.0007091160644079604,0.0008968968769741149,0.0011419041949526977
11,0.1954932581798503,0.18483757204461623,0.10337555910293131,0.09505104477938388,0.10118730133501426,0.07189920515332328,0.06540725168946458,0.050422219803862245,0.03992333973421083,0.015591926961600154,0.02422664069399548,0.028948859723123718,0.0064420472931530325,0.00361380701846688,0.0011100676302078269,0.008066327532631907,0.002328004805262419,0.0012751895820111183,0.0007725417798570331,2.7835157033581597e-05
12,0.20487355630979187,0.16584253545950106,0.08613614164197678,0.11658928690926743,0.11338401257832764,0.047259870564075615,0.06417042978685479,0.06422588951508425,0.02159687712961398,0.04506840262594476,0.03858544529303534,0.015709907033663414,0.004448877434431918,0.0035918834286955865,0.0024511568158443737,0.004663872689416493,0.00026951056939067636,0.000544946933041342,0.000502228112612296,8.516916943056304e-05
13,0.20245408927961048,0.18818353929684942,0.10161249659635838,0.08503067316544971,0.11383770658701821,0.06186165024389896,0.06571754044649421,0.058650272152203316,0.01583894810637323,0.0437038636875923,0.02663667642309259,0.01574438499775598,0.006975711521533122,0.0003357521429042214,0.00120960058427584,0.010566031267674424,0.0002986997407869948,0.0006419919179941377,0.0006490129924054183,5.135884972910805e-05
14,0.18096952828448973,0.21964376338332253,0.09931583878622335,0.08765725886903951,0.11043296805171501,0.07391503116716963,0.0821067091996583,0.0380210615271078,0.027109602437351242,0.024392527363075713,0.020656317438628294,0.027584228366663063,0.0032178706477266074,0.0024105747475898936,3.0263609130647477e-05,0.0013655617980342183,7.624924766810217e-05,0.00045268161712085433,0.000557180186995545,8.478327128974913e-05
15,0.20178849730479972,0.19312062896033103,0.09917994605239064,0.08199762794629303,0.08250373954003229,0.04776743064981969,0.05885814819133859,0.08542736017139722,0.023270990560283714,0.03473545300049765,0.03633270340777439,0.037364380131609365,0.0057762665151819695,0.004776082166305023,0.001098715567694663,0.0024394396638032305,0.00020871386620732187,0.000610519147700384,0.001574392252302799,0.0011689649042371064
16,0.165556560206446,0.22294849249708476,0.09429049226131227,0.068791593999929,0.09847462089015396,0.06680586348187205,0.09409589802545,0.05906105796793823,0.029315315272163692,0.03399232038614097,0.021699281183357146,0.023882347959232206,0.007780595253670708,0.007026372828275787,0.00011997551164217977,0.003592554923267585,0.0012970994632538607,0.00029109127588432276,0.0009303684989862158,4.809811393910399e-05
17,0.17287866014637088,0.19665055251264985,0.10140983478098542,0.0819451302604727,0.10302279248758707,0.07403288461684891,0.07012383732655465,0.04666997633573627,0.0302189680813221,0.044008473806060856,0.032530697252033086,0.023104705257831128,0.01016636106494947,0.0069713188255914535,0.00010736532758750915,0.004811894576738793,0.00015374798323074316,0.0003743532917513911,0.0007446913036466274,7.375476205101547e-05
18,0.20380358242717497,0.17430893266773811,0.10181247730176153,0.095893502141036,0.10451696946290612,0.057385674886847794,0.06734115703846855,0.050774191447607434,0.03147946845353836,0.041107479515719456,0.031151013002044724,0.020352428392508223,0.004419078466722023,0.0057496002086590515,0.0011673318329410382,0.006000551191483203,0.00020529736573408433,0.0003979215109229744,0.002055195525031736,7.814716115463286e-05
19,0.20119669494490652,0.17744582661444566,0.09165236773763324,0.09459066911642271,0.10703722233867245,0.052042060338494636,0.08384768786987254,0.0616055434716703,0.021711521744303564,0.027806602542029577,0.02799043739832064,0.03971417785184854,0.0024519454909463214,0.0035465308689505352,0.002187211059369657,0.003648203712008123,0.00020291330004968677,0.000379397291833121,0.0009127338688449908,3.0252439377184332e-05
20,0.18031953683457325,0.19635579078089319,0.09942932313905463,0.07146620192243895,0.1160240441377283,0.04758621966463091,0.0377455238431468,0.06835430039976965,0.07052227090534674,0.03534623144364808,0.03533707753394631,0.020844593546973524,0.01357263690503764,0.0036659839286547393,0.002255761660637505,7.573795906440436e-05,0.00013028018327165415,0.00034459489588202643,0.0005804071961132634,4.3483119188417853e-05
21,0.19807145984702743,0.21178364393246915,0.07756009726678298,0.09818099444270048,0.11510404123935015,0.048399645394339295,0.04108062369113356,0.05094486409358317,0.07484176123729515,0.016042720637418538,0.029087142955988545,0.021630737286490787,0.011547903139170647,0.001244960674241361,0.001141464557177826,0.00012801876590216684,0.0001508343690653697,0.00258565782653284,0.00043179481215198796,4.163383117864734e-05
22,0.1731680344391603,0.20289585860730042,0.09338842541942205,0.07723722404053161,0.10261832655055479,0.05201272099869851,0.06580706058113699,0.059729202270634336,0.05559171884348403,0.023256665285625106,0.04661351699109775,0.02034272483455929,0.015249748836700968,0.00715568996850146,0.0023161232258461424,0.00013802637829713927,0.00025445272388154516,0.0003219383877355958,0.0008079917814471393,0.001094549835384667
23,0.1806122079597449,0.178717061519449,0.11811466272973721,0.058027025698473865,0.15433373885996748,0.055030457200982236,0.032966454482825695,0.05977784430656962,0.060374406359325575,0.017608403032045354,0.050040140685916584,0.01802600050782134,0.005866302761786848,0.004939171578966663,0.0034110293617055166,0.0011970711367940354,0.000139507197917626,0.000281378232114764,0.0004798490392674774,5.7287348588120834e-05
24,0.19512655067060536,0.18355521607386227,0.0916852765612812,0.0774695458884165,0.13125931850178382,0.046209093816272855,0.041212291459502275,0.05884527386973143,0.09255679902656944,0.013271146675714593,0.03553963741542128,0.018025016334114196,0.0050541145656110165,0.005969276832644981,2.7813236574581565e-09,0.0012082537158627457,0.001218751043549583,0.0013343422235505531,0.0004600750413641245,1.750281811147074e-08
25,0.17188391377789886,0.18533844728543492,0.09745466914219399,0.07785828631630627,0.12019932511350942,0.04130443642793077,0.049924884433741046,0.07238164616047894,0.06014221252440962,0.02924847134749036,0.05036761907071418,0.019094537743266343,0.012968543063502657,0.00837897572500583,6.624418721285348e-05,0.0023507325101709362,0.0001566876635695652,0.0004524717608022414,0.00041516963983628054,1.2726106524998518e-05
26,0.19213976738989574,0.19218389382652284,0.10517498061276084,0.06010344711759109,0.13171500506286846,0.055008449934342084,0.035641343240174546,0.07344391078216687,0.03812750447439741,0.031779521620644846,0.04177727512976306,0.017090533953177646,0.011603752678586567,0.007334598196342242,0.0023362002799216315,0.001315539168427709,0.0012735656171211404,0.0004404010258844289,0.0003721698075500069,0.001138140081860878
27,0.17684602308293057,0.17704731050445482,0.13427416446406892,0.07868995748634552,0.09992897436025369,0.04862515822816168,0.054951016753685376,0.06318126157500385,0.06745496531436529,0.02820068668918189,0.03652423550057438,0.020383116390830076,0.00413437171663095,0.007050045508284817,0.0012654323706117255,9.145191695834396e-05,0.0002175844504349749,0.0004758592583081048,0.0006478321565591979,1.0552272355708876e-05
28,0.20738908289026248,0.17012005441529332,0.10184695764096537,0.0789995868854847,0.12935880288608295,0.025602313920524707,0.05870969026994347,0.0671020678859507,0.049224519034561855,0.029079388200503455,0.045291646284335824,0.01576504302806642,0.00898293099325237,0.009322706308645456,0.0011486495594579984,9.558960163114884e-05,0.001199611460036264,0.0002234753059725741,0.0005260839445249734,1.1799484504094939e-05
29,0.19297890100104412,0.20913533486327004,0.09354365804302418,0.05797746997311989,0.10727911762800907,0.03776150175430741,0.035312846661488234,0.06224299485017175,0.08518913771276022,0.025247793268250787,0.047518552916914925,0.014539681445218677,0.015942408129419664,0.009669040691554488,0.002230548888308543,0.0023634584074415915,0.0001777892345645098,0.00030116733401081144,0.0005536893430544282,3.4907854066641536e-05
30,0.16609839134903356,0.185343084723411,0.1150266383228994,0.09434440922158305,0.07546244774891035,0.09564071570905654,0.04609969336995601,0.0474299705860418,0.028816882765928815,0.021888378451388652,0.04503681599768746,0.0534729952545104,0.011445041741423436,0.007679857225006701,0.0012773936495483655,0.0012178436727547537,0.00016608320823311665,0.002757326090085052,0.0007158888522269536,8.014206031470393e-05
31,0.1735509228929507,0.20728321654418194,0.09916177517802319,0.10141362286997732,0.041838941501193716,0.09379513499857774,0.06488217093632231,0.06240202781359361,0.022928011164780958,0.02582689583110386,0.028117255734134504,0.06199094621088535,0.0053585329462397,0.006196072157363377,0.002345726877118657,0.0013160489064715035,0.0003314666698569613,0.0006279637706721969,0.0005505920116700611,8.267498488236065e-05
32,0.17970488287494793,0.1992348335974875,0.10752139514659526,0.08837804842360338,0.05607778166725552,0.11089887754732917,0.07411904765676841,0.06058776622252319,0.009692017529683157,0.026015625063853305,0.03624151495341367,0.02590865283591111,0.006407611620095418,0.015969282932581253,0.000311568804255002,0.00021705994484817441,0.00033430558817260867,0.0007806509073360571,0.0004392307601605566,0.0011598459231794405
33,0.19720364494676368,0.1878419196210362,0.11732026171248021,0.09926978794930973,0.04380587464217415,0.10204511325645944,0.06031141262283624,0.051273946048358346,0.012433808663320854,0.025386578521872205,0.032441366164171793,0.04998286221846523,0.007895826167874258,0.005102418855806402,0.003481420672556112,0.00023089456288880966,0.002505200492849488,0.0006519399331801895,0.0007050590844989113,0.00011066386309784682
34,0.1853959397006919,0.15800795335217832,0.1381183243176573,0.09339985454717808,0.06000752047612253,0.10316778196922118,0.031562666769044616,0.0702143592713871,0.0121045365043645,0.026665485242889458,0.02775778410623948,0.07771513100827802,0.004940928352431174,0.00639789839838746,7.096699745927178e-05,0.0023464532853032342,0.0001406904107832759,0.0004947486659469223,0.0003615696343280574,0.0011294069901080647
35,0.18555863433426636,0.18793330164088998,0.1296013590489729,0.0877027879500789,0.05367660409963677,0.09538566154204213,0.047225082650537084,0.06813303894434945,0.011112394442088828,0.03681488008980028,0.026592545875273023,0.036511076817363194,0.0077209673588712405,0.0182132423888976,0.0013814076863784257,0.0035757382240924093,0.0014997735758718335,0.0006400740841957212,0.0007071498519642991,1.4279394429537576e-05
36,0.2016277386621922,0.18922814938526597,0.10269177349809096,0.09127106802338654,0.060685761504190534,0.08542702369309309,0.047657441588304164,0.05574273423208859,0.010086066850186946,0.05807346298076507,0.0364291586057202,0.03887564081347015,0.006730570528972983,0.013406365085294903,0.00027090558713305815,9.410009794431243e-05,0.00021875530262190616,0.0006558783539556349,0.0008135880467176584,1.3817160605165907e-05
37,0.18702189977310224,0.1889390141310256,0.10313325464305916,0.08858350466144395,0.08686086686225666,0.06706724978534513,0.06025925286520778,0.05390493061932202,0.038829325242159284,0.039498860864915365,0.019476371499411182,0.040255012495851804,0.004192480664361743,0.016773488465428543,0.0013341460177622529,0.0002942191765763169,0.0024402158237027812,0.0006780398905441443,0.00038320088501304575,7.466563351086339e-05
38,0.18736555372257976,0.20893588809162697,0.12972375385245935,0.09100347999369471,0.04247714235310344,0.10385229901401079,0.06453650480127046,0.03292201663467234,0.020760541287454845,0.02932294106039633,0.025566689550469115,0.03886142180730265,0.007718431238753453,0.011000312139604614,0.0023184814217872707,0.002452276180478669,0.00016631510574769461,0.0005104260822708406,0.0004445587796504278,6.096688266637942e-05
39,0.1794925026632719,0.20684564077630294,0.1080448143560657,0.10258779783128923,0.05029743756805406,0.09829982830276937,0.053430692433205834,0.04283962818109416,0.025656886463206782,0.02348590809834243,0.02792134650634604,0.06473224424536972,0.007593891441224383,0.004048830035195468,0.0013043395737298497,0.001268524094302452,0.001249107380234497,0.000468500957149043,0.00043188078205587404,1.983107901351609e-07
40,0.18792544065826658,0.19883639461178176,0.11828705405959639,0.10392671628010382,0.07960719333224231,0.06009796807839217,0.07564730510945315,0.035107135938641565,0.0341402934239521,0.043421879901399986,0.035452526095217034,0.009788995801048347,0.004351985176539446,0.009571350128339035,0.0013111385270923631,0.0001518824904753868,0.0012508054649594895,0.0006193208692567524,0.00045036204855592235,5.425200468647374e-05
41,0.19218279385685552,0.1945703703220035,0.10599900314816925,0.07982350861318124,0.10251859620374165,0.07622647100331753,0.0737762545097986,0.043408719498535045,0.04111770557272999,0.021259772305965572,0.027681623501917923,0.021713651622138293,0.000958640790044603,0.009275086068291522,0.003525553255190019,0.0012443924683369584,0.0023127218748643964,0.0014353785251994022,0.0008997065072777042,7.005035244133055e-05
42,0.19895886351918562,0.16162130548440906,0.12083179236178512,0.0968901314809931,0.10450423375448425,0.0907230881436913,0.051360929566628515,0.026543725211355663,0.03192011121742765,0.041511326325462596,0.03605966008271426,0.02161818921741232,0.00660325351605697,0.005971759798823421,0.00010619355950851052,0.00016691783970139282,0.0011697809966431346,0.0004586204198936681,0.000814595717080391,0.0021655217867429773
43,0.19987903035099105,0.1782292549583298,0.08608949591516649,0.07996102409411439,0.14303715200542974,0.0807697151734655,0.05219800250103371,0.036623578642968016,0.04132133166200265,0.03399498531831208,0.01942607672483789,0.026585416980338693,0.0052417703788231315,0.011770261418834424,2.5834047030004675e-06,0.0033633692373686514,2.319975119665028e-05,0.0005743292974144284,0.0009089468788300952,4.7530583964732564e-07
44,0.17251961521105783,0.16260033554696657,0.11986994834394235,0.09170803605207054,0.12456061645339853,0.08120347793606184,0.05979319663813374,0.04155400081428969,0.03669251976739721,0.030704974894017027,0.03033634527852127,0.0340315456271785,0.00430280007931096,0.00482908282364896,0.0034561599280676252,0.0001907719641260667,0.00014736968242366795,0.0008422837775973019,0.0005841308226750939,7.27883591153349e-05
45,0.17842493755028405,0.1775712263675756,0.12323027474623022,0.09372695078181222,0.09614682855047028,0.08790579277856059,0.06590291493035219,0.031291864587823966,0.05263027564965727,0.025603256540764723,0.020498324033458543,0.026500007633826556,0.0020013502615311785,0.011725135119834109,0.0033951578526336458,0.00014444150823873515,5.935721334788444e-05,0.0021889239793082566,0.0010362028198088802,1.677709448104616e-05
46,0.1840558452304558,0.18491624481265273,0.11431019126497273,0.05594117610628334,0.08719400698013346,0.10111528092446774,0.05920297729244071,0.04308146773079294,0.05896286226749557,0.030484540961639054,0.01717570591701992,0.04412721767974059,0.007586976394537889,0.007174052857994188,0.0011129962594420423,0.0012439541066453497,3.7854889038639955e-05,0.0015412999762923004,0.000697401373873433,3.794697408168541e-05
47,0.20737458667537487,0.1808001807103687,0.11014996303990324,0.07565030297584482,0.08762474690379832,0.08085494985008777,0.08781729940988874,0.043773263222197975,0.03900744033721199,0.020687769455107863,0.012093694206955065,0.0410578012878953,0.0007092049443483302,0.007047825068024699,0.0023911275427920416,0.0013000659305508703,0.00026338608989138253,0.0004977201478658371,0.0008737311162768768,2.4941085615252376e-05
48,0.18988497354138092,0.17013942096935059,0.1485965050968083,0.07735029743879608,0.10467464274744247,0.09960348016651403,0.05368796961692513,0.021957846470979994,0.026850185083011867,0.031700921752123544,0.03729033731598385,0.019627500681492344,0.0019087823666974083,0.014350250530945796,1.5609533172887126e-05,0.000277770588322683,9.653717299272888e-05,0.0003016557940826782,0.0006109585406813621,0.001074354592295289
49,0.17729046900449238,0.18875009227957384,0.12282912776371967,0.08467959924626667,0.07901265583607694,0.0723584797602915,0.06583814226039078,0.04370678105164031,0.03654008797915381,0.03649768776643801,0.036360140830180125,0.027834664428669532,0.0030594665641367454,0.02158157072771526,0.00013634134285380153,0.00012326515423887263,0.0001516650228862281,0.0015817305703426212,0.0005722343303885244,0.0010957980805445444
50,0.1917020989647461,0.19342960835062153,0.10504162868470888,0.054830548238815405,0.12022655373001999,0.07257463844993903,0.07578162786030292,0.04282754959024868,0.03801645993662407,0.028999660386152686,0.02289095067009803,0.03648861935353919,0.007295594168414009,0.004649119844533577,0.0012900219614488007,0.0012601746935667836,0.0015083091366437278,0.00032530685471163895,0.0008181260772365724,4.340304762834748e-05
51,0.18493035741352246,0.19447095809721585,0.12108585929302036,0.07562252477043577,0.10680349592840979,0.07798781259630809,0.07203002903983831,0.03405343341276295,0.03420145897750204,0.014780084135643926,0.02386047031019573,0.04579702171601962,0.006441141847622478,0.003566538824912726,0.002277677790181149,0.00011423764079085814,0.00015293851737505792,0.0006986191490860912,0.0010952523464378197,3.0088192719078794e-05
52,0.18739085828932167,0.1919344437144934,0.11963693104873208,0.06310377396959364,0.10563403785465886,0.09113148716644724,0.06035760601788294,0.031914088643492065,0.035817712665098686,0.030261255355508915,0.025316187307367174,0.044040971667030825,0.003989586899730295,0.00822587070661634,0.0001367131555937425,6.465390637228183e-05,0.00020253304420751007,0.00017862436769622896,0.0006536109387493394,9.053281406796196e-06
53,0.19372058694092836,0.17139925697636638,0.08041063622665276,0.06101801969739556,0.08038970953308998,0.13208015926926306,0.06487152336094582,0.043865641288507375,0.05714886006608359,0.025311108000668228,0.01682884508011788,0.0562030071586898,0.007211248818454115,0.0069777536186223805,6.4730466655766e-05,0.0011773121879902406,6.700878677609976e-05,0.0001983543604417882,0.0010560771194472187,1.6104290354138422e-07
54,0.18916743088710727,0.16958568974408628,0.10806202098737717,0.06342745728316986,0.14117041207559636,0.05771726548890164,0.06456335755521239,0.03543548122278263,0.07336896920610193,0.021891534479974495,0.023239586183314506,0.03658096889801779,0.006250270067157742,0.0034798870976257474,7.341508902998842e-06,0.002231203767484823,0.0012231620457086431,0.0014775375065311045,0.0010995710789260772,2.0852916020527805e-05
55,0.19587228111566388,0.1862297840232869,0.10466302132173871,0.08878718384632735,0.12257885438327362,0.07681551594254442,0.06024385587228586,0.035677594241257875,0.029176471616515307,0.024646567003516237,0.02417744556819849,0.03456651291452933,0.003944078590151728,0.005862462344954171,0.0034203884362633006,7.84263481272532e-05,0.002407704486006018,0.0003546243119719483,0.0004771667880399829,2.0060845347504885e-05
56,0.19868009133651945,0.18941506439848546,0.09605938689285978,0.07348746103343487,0.11151538324199727,0.08467055172961174,0.07463769575704969,0.05098842541870712,0.027077390033212675,0.02154067455823053,0.015804511202199455,0.03330384012842616,0.006433138863934581,0.010422542801808123,0.002163808545927833,9.75765409290292e-05,0.0012367884384163338,0.0004115492475965728,0.0020195049897129883,3.461484094022822e-05
57,0.1919689934439904,0.19376557480062329,0.10851057557162773,0.08358061640895693,0.13504571829834128,0.0667151119079884,0.051497525948088395,0.030570099583793923,0.0466510561767766,0.011572375873115928,0.030230951617445285,0.03301467336437981,0.007355552295682021,0.0022934647673598756,0.0023789467623365084,0.0034515182207581685,0.0002635825199812376,0.0003765851180521988,0.0007053596969661982,5.17176237359182e-05
58,0.16997877098106398,0.19579615165681896,0.09457823971061424,0.08923734830640834,0.10023320361218553,0.09914551069404991,0.04767372521786465,0.056539915336736565,0.05615245331429137,0.01962057967547748,0.014602985471813136,0.03725042482854826,0.007476488525834035,0.003459997040520011,0.0011189413197461094,3.244451803913405e-05,0.002354858629556442,0.001529648031422675,0.0010022960877501378,0.002216017041259128
59,0.18160062143820196,0.19485386063153531,0.09473667723203609,0.08459353573047625,0.12225601843363593,0.08083228110133074,0.053756770512462845,0.04011127213660806,0.03452470200252987,0.019604937737369148,0.04238878890007311,0.036662229541775206,0.007534333397196062,0.003509302241825423,0.0011526345523136215,2.8422968860764186e-05,0.00018169283454299602,0.0004908728440829881,0.0011385667550941913,4.247900804953979e-05
60,0.18718699249609244,0.19199796688647336,0.07865500167777442,0.11926589883861137,0.13939203136970268,0.07396668038677529,0.041616008802846764,0.008662946190946987,0.03665623472233093,0.03239515380783117,0.044482467184258544,0.007247822277285706,0.015728696714251936,0.014108812837488459,0.005774588868730768,0.001261211234212458,0.00031264046544752464,0.0006373001574735257,0.0005474812369541472,0.00010406384451140285
61,0.20069361763390675,0.15965100154359227,0.10761452476234548,0.08703543340132198,0.12289940330684333,0.07461387229393228,0.046169846071692236,0.02540985996506014,0.05977177115549001,0.031411616784545855,0.054399919373007914,0.0063908824067766155,0.015958311966002364,0.0038026955626640304,4.3845335513860494e-05,0.0013455313098944914,0.0015989526697106037,0.0005256710053725128,0.0006290886117761822,3.415484055131227e-05
62,0.1830250593017193,0.17010325444163069,0.10627621287221589,0.10096427419824794,0.11759252113573833,0.08049227596017283,0.047270090176700946,0.016954540936869128,0.04161360591433932,0.04145668574797803,0.048654196076187976,0.007151866092014026,0.01679392700328619,0.014322859620758913,0.0011758421595954994,0.002267969296205651,0.0013187445581216214,0.0007507580578221566,0.0017742801880315734,4.103626236397326e-05
63,0.1900425561984152,0.1744620570556657,0.1193432103154692,0.09114963208549307,0.13018384765437177,0.06506885238738415,0.04790065266041475,0.02203861263968727,0.044348234273606436,0.030582071457413276,0.037444958624707654,0.010920521354372388,0.014720780618933012,0.014119442939050028,0.0012576280098223261,0.0023849221841879672,0.0025674056040157567,0.000721886923116021,0.0007201339714935645,2.2593042380489203e-05
64,0.18086493389121489,0.17180655732090813,0.11824875506180754,0.07582651773156882,0.13642472955116897,0.07328136089964073,0.06444132471521781,0.017247623036688933,0.041204923408578294,0.035032357695169186,0.05603148116219701,0.003858052235611218,0.01352541539497694,0.009530346007607063,0.00010647013729117012,0.0012482501098852175,0.00025855399894048124,0.0005368378657473183,0.0004741763670534724,5.133340872682643e-05
65,0.1911317686492424,0.19747196338658216,0.12774150298874432,0.07562970709566248,0.10892228329611395,0.07845541873195053,0.03848485601557248,0.013449639122190514,0.042949048594449965,0.04029619532177328,0.043471047167523695,0.007591563189164958,0.02192519601255032,0.007089838252646031,0.0012628049512599538,0.002368588963509696,0.0003364446791455609,0.0004039320115087101,0.0009236687921969389,9.453277821207624e-05
66,0.2065199184835227,0.1595596513994613,0.10677511020465218,0.08530588574489091,0.12612202332145303,0.0902682269646844,0.04216248814272941,0.01962119169318325,0.04334133961778489,0.025514437620755552,0.061509375326434926,0.01217685277886944,0.006526304436904906,0.009717469229956614,9.093317660901889e-05,0.0023464832269791806,0.0002620802222550826,0.0015176693660025106,0.0006439558435791474,1.860319929170478e-05
67,0.21490574439200755,0.17306071911935353,0.09868571428363446,0.07936225376379559,0.1295651676355244,0.06496205521776807,0.06058476493023328,0.014617833655337378,0.056225334487011766,0.02574783391998109,0.0432657154648053,0.007535473005937022,0.013678251336071204,0.010556237571551884,0.004665200579875627,0.0001746479662906908,0.00012117269999141108,0.0005011023281612021,0.0006857617190124445,0.0010990159236559153
68,0.19910707130817915,0.18778042641842968,0.10099657356228257,0.0628463164857758,0.13047603753623838,0.06737231330881005,0.04869145805497864,0.009995779520157391,0.061039617004744515,0.039891574240536486,0.05394209113650529,0.00843575178207322,0.01877640846818989,0.0059428935936266455,0.0012388140026573314,0.00014957412796505793,0.0014269785168381532,0.000311843630024945,0.0004888920888240088,0.001089585213162846
69,0.18879731769037003,0.17966985489374596,0.11786335255799132,0.06688737935477099,0.14711095138129468,0.09085117189541324,0.04705273142794367,0.022369935335244093,0.03189381347873689,0.03293885027116639,0.03914229165702621,0.005036795135143715,0.01703796225507213,0.0073017170351552365,0.0012947891593130753,0.0023651142453217523,0.0002817022571377154,0.001720071441721831,0.0003165018497626244,6.769667766835344e-05
70,0.18721731870779537,0.17619932486651874,0.12038105827125631,0.0964502608888298,0.08155610537948983,0.0808781395527988,0.05310496228457223,0.06802484287462492,0.03410200054550397,0.03535375903441863,0.030215995614387998,0.01621109137610711,0.01162983444507824,0.004436545037400783,0.0011937202643070228,0.0013230068193305722,0.00021125891835795484,0.0007074740314770979,0.0007858688001472671,1.7432287597347862e-05
71,0.1886810365437537,0.17929504832285292,0.12810020546280465,0.08805999852996392,0.06266715241032406,0.08449125931783233,0.06914251711651612,0.07030542913274966,0.023176690319125545,0.04634572870126815,0.013245454552497303,0.022092871354750347,0.009010425533004381,0.00978013222217539,7.068234098459062e-05,0.0025654150551846114,0.0013380253462308303,0.000911664648247853,0.0006558150277355132,6.44480619980407e-05
72,0.19595778331085795,0.1618999331355006,0.12641133740805374,0.08519446693756501,0.05944082008448692,0.0929963373077185,0.06343593726549515,0.06448542644588734,0.01945843475132956,0.0488308911749222,0.009456948184735638,0.04331995899114749,0.006938916716510708,0.016689565030003958,0.0011721881651384925,0.0013536681750945725,0.0012493858041855708,0.00038602023822317057,0.001299775702803945,2.2205170339388507e-05
73,0.20858403110827084,0.16332205285677992,0.12749785883568854,0.10255871826355276,0.041661688831998986,0.07215850494082376,0.08014234651790161,0.06955691671292494,0.018224289463794754,0.040256851178296936,0.014344209525684928,0.026837966506835106,0.017053334324819605,0.01316642301236169,0.0012218196674436688,0.0013203493011929896,6.834247383148215e-05,0.0008356252030270461,0.0011675596811941344,2.1111593576394767e-05
74,0.19732028962438133,0.17151583598430237,0.13015039446518986,0.11964663908044901,0.059830130457187616,0.0699464262192829,0.04639513805368309,0.05948539662146465,0.031178817302371903,0.032348035663869054,0.020159046917874117,0.031197749692665443,0.010174782692378466,0.014331562234725417,0.001137371273183802,0.00020647885550472328,0.003345021332911704,0.0005860777120951212,0.0009709678485600187,7.383796791940572e-05
75,0.20082896594530528,0.17498204306401216,0.13928706846916608,0.10021817066687554,0.09393740517696318,0.0718813676170637,0.06195524924711507,0.04987671298773964,0.025903543767255604,0.024259780082471306,0.015759571612309526,0.0217967501641778,0.011093184258763893,0.006138499071133044,3.31030466737384e-07,0.00013780664626116392,0.00016479326094782974,0.0006454168899267909,0.0011000395970861875,3.330044495949634e-05
76,0.1809847663847879,0.1639630042944593,0.13316296757722798,0.08291713776715891,0.05166434868778735,0.07696834306711156,0.09240565940822124,0.06937305248296675,0.02149054910895801,0.05098775098306855,0.016745136437557772,0.03144299868432041,0.011618844078059567,0.008473836392439765,0.003576319503058524,0.002483509796954571,0.00022749552254891517,0.0006657768990620657,0.0008349148756369533,1.3588048613821516e-05
77,0.20824674016496628,0.13718748575290973,0.13447551034198124,0.08677707517964081,0.05889783067843809,0.0807931743311907,0.07218037699728352,0.0686069357224504,0.02184174044926803,0.03401055697046304,0.03947438058566661,0.03291650975034389,0.009054053022863641,0.008815297096261648,0.00021069899816328854,0.0013151230917818417,0.0013498955105620423,0.0027213231335254874,0.0009655243597977686,0.00015976786244202698
78,0.21211715784664145,0.16247346788071595,0.12385006366902412,0.08911657083141354,0.07775340869564282,0.09468755115263566,0.04732262844418618,0.058082504777717536,0.02420531093970142,0.03537245126854391,0.021407776352690606,0.029250065943022395,0.011519695834265768,0.003917319121917901,0.0023100065041683376,0.00363139689130444,9.761496259309333e-05,0.0017318810841933697,0.0010994897072494824,5.363809237181512e-05
79,0.2116096153617085,0.16563294032813222,0.14312890959958482,0.07024147401866013,0.059810825952113574,0.09368912988743391,0.05857895503808467,0.07070159001495072,0.02293639147225355,0.0242241309209724,0.022710337225976956,0.03895068176451562,0.006982621182960022,0.005112814486658199,8.976408638778808e-05,0.0025240993542609783,0.000495811249983916,0.0017906872445269274,0.0007806299590783821,8.590851756842006e-06
80,0.2171000342515351,0.1566159890851349,0.1423701539155153,0.08861214789381959,0.07195399118954125,0.07556314024026464,0.07502899881373218,0.044635664047348124,0.02239664239152735,0.03274053254420079,0.040617421713461596,0.013585127965497355,0.005128393432479997,0.007093555623350113,0.00014946246007767097,0.0023777300426485416,0.0002955716444266388,0.002638762508148665,0.0010381491076238026,5.853112966638707e-05
81,0.2047402575180801,0.16302407151814294,0.15100153274650965,0.0806420200888684,0.07480390412590562,0.08606766724594977,0.05147217149085643,0.05006235912809038,0.01632683938938732,0.035564578643281185,0.0413664635011749,0.019714420513706712,0.006422106518284355,0.012920747087306306,2.412732929040801e-05,0.002322441440024529,0.0024172102792366285,0.0005944499998332976,0.00048235283404540237,3.0278602025863037e-05
82,0.20991751806016262,0.13983438154233804,0.14078726136821032,0.12095244016409115,0.07074403520703983,0.062311978948670015,0.0492267305029598,0.04272640145280112,0.03655671027390889,0.0448215070762303,0.041206402607932735,0.017025695127637647,0.006371725709621013,0.01197353004016736,0.0025178308328989546,0.00011877783820523128,0.0011648293039039233,0.0005715507247358465,0.0011644650124169448,6.228206068372114e-06
83,0.2163982025826891,0.16362361227634675,0.12638337442588068,0.08273862011512972,0.07086967105475955,0.07290046508962146,0.06633430858628496,0.06291403840838387,0.023464852345843924,0.04840016266538548,0.03260603963202206,0.014419913895041932,0.005247060487579101,0.004956238353042018,0.003457982931295668,0.0012575140053754184,0.002408903056492117,0.0006822099483113062,0.0009108178794016606,2.6012261113420536e-05
84,0.2125243442608303,0.16485734140498157,0.1570968783065793,0.07676914492434252,0.07948624024754368,0.059725958458340764,0.040193017880128266,0.03900717189252981,0.04484611013615896,0.06578158885943179,0.025350334780964868,0.012321208130173166,0.0028881866807056434,0.010537924884184155,0.0036405831158060308,0.002285116177003567,0.00020847189936649908,0.001676019201638869,0.000756023101709771,4.8335657580504274e-05
85,0.20095708593020117,0.17985710004119337,0.13640288336211454,0.08858367319545647,0.08699727566002105,0.06551293750059414,0.05205481006378922,0.047357473737417353,0.027523433037210082,0.04008643041287804,0.027776320689428747,0.017275111908885903,0.014621315311360728,0.00936625016161513,0.0013911506207975528,0.0024348339722328888,0.0001324797348032366,0.0005517038853024368,0.001056108286956836,6.162248774103167e-05
86,0.20296208212391237,0.1645073987772698,0.152556912530444,0.08271161881813767,0.07482533781723381,0.04582944828492505,0.061049266014811636,0.03810622396173294,0.0494433430394596,0.05784820276617371,0.03636964064583434,0.014335801905734967,0.008443478682394976,0.006027033539760292,0.001284914646567001,0.002360258089388964,0.00011685219175625947,0.000505802036800981,0.0007163615557766914,2.2571885037299097e-08
87,0.2059830258277798,0.16016006705353356,0.13981812607310729,0.10812167310868386,0.07889640439884146,0.0649829172169649,0.05982760085118473,0.027830878902379907,0.030883617736781305,0.040817831316141466,0.03507830881256803,0.013432931011596403,0.009788832576101962,0.020097303829303508,0.0013632997466339314,0.001302595266681472,0.000135347277942362,0.0006392435512693963,0.0007820831086643219,5.791233384034652e-05
88,0.22005144125329276,0.15371191955867586,0.15698346279773892,0.07509262664310608,0.08132329242553074,0.0666185994499296,0.040978450751831624,0.045549941875166415,0.04782315916318422,0.030466519211203788,0.05016064834120506,0.011460807948516349,0.006358748932442571,0.007044623367614679,0.001196500604412396,0.003540202990438709,0.00016997070505273934,0.0004229322035941258,0.0010144184565724279,3.1733320490948134e-05
89,0.20441460527953667,0.1492728745042041,0.1411645125300717,0.10000045661006852,0.07935050022501863,0.08101128777902296,0.0844222305544753,0.023138727749869005,0.031806901914554556,0.043636407144734476,0.019216452154111437,0.012233456117470932,0.01173684531661256,0.01045204021904343,0.004505063248362815,0.0012154065416572176,0.00016106020697661841,0.001481540740391239,0.0007438731572001865,3.5758006617736916e-05
90,0.1874313661897952,0.14891997129092366,0.14507750573925943,0.06411824916971481,0.07105457269016141,0.13719524496433083,0.06112545314056006,0.03280848019468862,0.04438739652134593,0.032845751530467836,0.021660823480806078,0.03869009852410547,0.008540934931102378,0.0024286844341669554,0.00016084951247359464,0.00229679110552041,7.486484879547948e-05,0.0005126122070636885,0.000663424535507482,6.924989210645051e-06
91,0.17213828195194356,0.16114701676163704,0.1565396010056492,0.0647872887553029,0.06514426843976198,0.1298410270340541,0.0781201709835474,0.04998334569929885,0.012196914435041397,0.035473444583403284,0.016931760875677396,0.036315776225715725,0.009706265264770576,0.008252471299951122,6.342325987777623e-05,0.0024563105377893705,0.00013414100685154752,0.0003703550335507959,0.00039014501058088664,7.99183559513323e-06
92,0.18682216655778067,0.15300140728486078,0.14440532590788685,0.08915016889497614,0.07807376283965925,0.1146737691046221,0.06188566963168579,0.04129849069356579,0.016024187707838308,0.022772350787793914,0.023828158843529505,0.040239590306436215,0.014455727302225682,0.004782340463020078,0.0023383410539499555,0.0023410858377256555,0.0012251580487687218,0.0016803979564276035,0.000945846993274436,5.605378397233767e-05
93,0.18926295891876552,0.1984364469261905,0.1327601836969739,0.08187608959728347,0.05626911337630013,0.10585207610883852,0.04594852860513711,0.037776746590091975,0.023076500073630667,0.03859996233539529,0.028567584999565312,0.037245512800425505,0.011000154333684873,0.008137323678248128,0.0013784075795157352,0.002367125912356349,0.00016366389676529628,0.0007589159078926919,0.0005218321875519359,8.724753871989665e-07
94,0.18244632267769184,0.17501273052139762,0.13734322488845366,0.07940632936505937,0.07262590216854233,0.12948638517156147,0.04608416033459298,0.03301344794738709,0.023302671689265933,0.027100379175586026,0.020206561426149898,0.048617457858754494,0.015950659258899883,0.004739396791832669,0.001243983813468638,0.0023253615535544707,0.00010655502220844695,0.0004817187459024013,0.0004991159150232182,7.635674667673981e-06
