,S287,A287,F147,L400,H414,Y147,P333,L133,D444,M133,L415,R446,L418,A356,S351,N448,W59,T288,H446,P332
0,0.187719015837205,0.17826882373691796,0.11960805310442214,0.09432149624068292,0.05596305191872268,0.12071075702226951,0.0804273757461941,0.03775259252746341,0.018262365665181315,0.04604344150940169,0.017469349551135004,0.024353312580771096,0.006351284274927063,0.005944770193048649,0.0011749239889445695,0.003731467194450423,0.00012489209150586258,0.001117933818851585,0.0005539389253355509,0.00010115407256935592
1,0.19894570184453061,0.15092899887897446,0.09836828176333463,0.11571371177085346,0.07269428581770074,0.09345347986054751,0.07380287334348683,0.056493049629093746,0.02436035006043832,0.03255870054460838,0.02107175097659611,0.037545689087762096,0.01857673488991498,0.0014092507752610712,0.0024616490761350234,0.000264650905080872,0.00032273315185216194,6.54396170014427e-05,0.0008561385148042654,0.00010652949202329274
2,0.21378239068231789,0.18733242989826748,0.08014219099964176,0.0999770101077527,0.08067541948136021,0.10295140382728742,0.06303713333647235,0.025264406788152456,0.018313666672467983,0.027378530955273636,0.03515551095280376,0.03345424994449113,0.019739577246317357,0.004963227070680215,0.0048281333525902435,0.0014758520744589203,0.00041352706985746575,0.00011972790312089938,0.0009473422748814818,4.8269361804670846e-05
3,0.18644472121025643,0.18369448816221615,0.09588233654812471,0.11233517070464605,0.10012958644735265,0.07651932295775075,0.08085856760124237,0.02903359688964094,0.03267759120615899,0.03014470863701582,0.026998534194367003,0.022977441310556783,0.01321470497986136,0.0025828078738197144,0.0037398110246442714,0.00033902158520745493,0.0014414640792528818,9.332668946193449e-05,0.0008109700266922587,8.182787173155256e-05
4,0.1856431504812329,0.17696619054202872,0.10482095895345143,0.09158725996340183,0.07390365230160706,0.10077726626189928,0.07520490572393808,0.03937833999553692,0.03495697567895715,0.034717966231915455,0.02107402351718212,0.032332435368794904,0.01116011344275007,0.003911372649550567,0.0058476527213770675,0.00471885148239259,0.002485406654930447,5.196646060269778e-05,0.00033804457680964564,0.0001234669916411218
5,0.1983761654052183,0.15914827535899517,0.11650498924549951,0.07449255099255359,0.12717118191824867,0.10293284371933947,0.03255050812772062,0.042294377108063205,0.02666556455383188,0.045788757640911275,0.018128678869202674,0.021433155347087476,0.014202379344755475,0.005949069108938644,0.006839540332936177,0.0035167743132161512,0.0033604473822184556,4.1992866309351255e-05,0.00046551593255279123,0.000137232432400916
6,0.22955128116076096,0.18165133852386023,0.08142421610024071,0.11999347958374011,0.09296079784789574,0.07281123147289244,0.06569445285337688,0.032664331393261525,0.021635876714430034,0.025290579464508148,0.026771023821093535,0.029009932727167016,0.009206961633042682,0.0027487627059112002,0.0036146079857035545,0.0003296305243028533,0.0036115713581144652,8.278354709954337e-05,0.000850202272284656,9.69383103136707e-05
7,0.19507240568971376,0.1771857622878959,0.0999214540159678,0.11206643884103348,0.10177612242267738,0.06635553193478766,0.06414596689666642,0.05054168383172608,0.025039436747101275,0.033534661119556795,0.02133782129564844,0.023135447320764703,0.022024882541600562,0.003838610609280278,0.001341553337657603,0.0014307828974450749,0.0002492832768175344,6.488422214253182e-05,0.000867521868476913,6.974884303992174e-05
8,0.20858493882826917,0.16670556381904272,0.0974115489062069,0.1253133015199454,0.09117027585715624,0.08974012059073583,0.060301875208467755,0.036243513625002124,0.016914160016225876,0.017348044917434455,0.019793180616523978,0.041799761329710854,0.01726596616970419,0.0060249235181768805,0.0037063213349959032,0.00028991087143561876,0.00031733304685551355,5.145121041098339e-05,0.0008790949225901737,0.0001387136911094063
9,0.19663466091333162,0.16423164438063007,0.09343176830616882,0.1398214228244408,0.09533826475983316,0.08344577831234724,0.05429154591669772,0.028950560856699455,0.026801877910591118,0.024077785163007414,0.01749260311114382,0.04438648886204399,0.017283357833144528,0.0073530789840098405,0.0016293331183768473,0.0013947910129166448,0.0015631742802662057,0.0011701954657979475,0.0005975613203970558,0.00010410666815556111
10,0.19170820966170107,0.2031508488899594,0.07858892911630938,0.12472690977744202,0.05371339671723994,0.06661109072254791,0.04332006490672315,0.0738898847508534,0.012112016180894216,0.06571080973720038,0.03365706490888158,0.026080065758117662,0.006620385445895044,0.00938992063773839,0.00496490336424536,0.0035855579996070396,0.001531908303330705,4.654269619280252e-05,0.0004387190932618791,0.00015277133185862414
11,0.1688680161558459,0.20504795552206778,0.08192286208044967,0.14321080089081267,0.06470708076134397,0.05167058579427153,0.05089931429790115,0.07695177221200462,0.0189475740516231,0.05166210705193994,0.03759247056593836,0.015412992935829409,0.0044027294948440114,0.018952833648974054,0.0034942548438661983,0.0036410695527503054,0.0015258081778650508,4.159434219784288e-05,0.0007964414867082006,0.0002517361327662009
12,0.20465746521150222,0.1785647844610269,0.10649289032424716,0.0994265074761124,0.09056341601431246,0.07158153888963574,0.057021700749919094,0.04429457836060338,0.028668071987873977,0.041239976631837524,0.031642959851971186,0.027891619761496372,0.005510177167864279,0.00840901550927526,0.001509167443689436,0.0002705410825069676,0.0014467969898500125,4.305340752121427e-05,0.0005937186201382306,0.000172020058616196
13,0.19774816625312322,0.1720881451711471,0.07658838921559975,0.12550803556099427,0.09038777941473279,0.07429132403068486,0.06484460237154138,0.05735457564048096,0.014622030133466926,0.052505146695481335,0.022260772366950916,0.026324771785485954,0.008659201326785163,0.009556315846037427,0.005836496518115012,0.00017652110627879348,0.000316695877757636,0.00010153307900475135,0.0006359374102486954,0.00019356019608316206
14,0.18809396997892766,0.19042961905781844,0.08119078440256257,0.10510406487121297,0.06381399990409319,0.04993124956247073,0.07600210511673355,0.1019681912605265,0.009623396758253858,0.0598454612645329,0.03551410839530836,0.014472100502412093,0.0043835231921334275,0.01085237322646815,0.0047076077655969165,0.0012741999665067314,0.00034812256516336725,6.573588284389293e-05,0.002284950352791297,9.443597364329195e-05
15,0.20342187793153496,0.1712230547598509,0.0886702572495864,0.12549693909637588,0.07837451125034527,0.054184334788247177,0.06394064881895825,0.08147744279631236,0.01449028889427335,0.03683130857422232,0.03633822483657675,0.016738777490794284,0.005369562910429743,0.019175575702247892,0.0013833476117495762,0.0013486325893880173,0.00036905188927550367,5.5677600474704854e-05,0.0009479137966409408,0.00016257141271571395
16,0.20138480426933264,0.17684840846073788,0.0871283527199243,0.10931160412070935,0.07231582798985944,0.07594112296493338,0.05213920436182437,0.09975801525652489,0.013342896595958562,0.05386223670813019,0.01630139395485676,0.020281574597481467,0.009678459845891841,0.007008327728123565,0.0033683683088148327,0.0001891336891558562,0.00035603469448301626,3.375440296186301e-05,0.000683741343318002,6.673798697771773e-05
17,0.17529425548779595,0.19786544082699892,0.09548222874188221,0.1200099950572645,0.0855805419605446,0.046043493627322754,0.049749082406003814,0.09047337389665215,0.01567307427579912,0.05556562754061847,0.03199495301910307,0.015527843586988959,0.005805492390770491,0.007699378918616673,0.0012761225556350833,0.002609328751048582,0.0024054215244666997,0.0001730066255638505,0.0006222444094540792,0.00014909439747001613
18,0.19204459585936715,0.17972902969465662,0.09081969708375887,0.13498766472735013,0.08110066819829383,0.06396619286405157,0.05476488562992435,0.09214017380945587,0.015623287438789893,0.03673157090471813,0.02317468065787352,0.019098523632413246,0.004161773292533608,0.003913586417237323,0.005801666522406895,0.0003423075079004728,0.00030981317349160545,8.159869427669362e-05,0.0009614358209868551,0.00024684807051338005
19,0.189905163932783,0.20253144312359372,0.08449331496304154,0.10517877370480931,0.08300580676887155,0.05757620553676336,0.07625803878488153,0.0750648533531235,0.01551021773901005,0.03649596675726235,0.03157170651184564,0.025129375201042935,0.0030818744330987865,0.007418309379596433,0.003447071413288846,0.001360647182129027,0.0003901711804328852,0.0002431727799902486,0.00098205044022701,0.000355836814208423
20,0.2081452154209965,0.1871779937307094,0.1000610453333334,0.11294481116196599,0.08135752019841459,0.040507867482177065,0.043605466836177116,0.054980483909813985,0.0644472877366078,0.03632753924400035,0.025475997354095475,0.02978793181272604,0.005264073639311842,0.006136496481297701,0.0013383249805431052,0.0013024167535877877,0.00018757192293102754,6.455097886419265e-05,0.0006321624676115117,0.0002552425548352689
21,0.18160625409993714,0.1839805128066964,0.09336096018215177,0.11836582384074101,0.09919828766055333,0.0658514344178182,0.053544053273501126,0.062272727335987134,0.04624287499950779,0.020969333826693352,0.02313588713018181,0.028762307262852078,0.002137300779038992,0.014691035909775572,0.0014968920094840694,0.00017501445473982913,0.0012483295754714054,3.6800559923695015e-05,0.0016507783161594455,0.0012733915587859097
22,0.19564323068577005,0.17791923659441955,0.10934577477331071,0.13357487778714489,0.09287526439253628,0.05025052596772062,0.056105018339278175,0.05527392103423632,0.05162583956516474,0.01011217737260787,0.017377414082821653,0.030338383123885423,0.0065972934890674495,0.008345180536353183,0.00236451802856772,0.0011914711651616814,0.00015653715750380207,2.542561603156609e-05,0.0006720800426073425,0.00020583024581103038
23,0.18385176071985335,0.17665865730958108,0.11059114249810083,0.10333917961259857,0.08947092997547224,0.05105277628326286,0.05870312115439303,0.07188364932422404,0.04985698003559347,0.03250031118254671,0.025760404302228413,0.025118064815813117,0.005519609307955138,0.011888546685187667,0.0025211267481549276,0.0001972751197004731,0.00016762269983380248,5.9814591515324766e-05,0.0005201019781895023,0.00033892565579556397
24,0.19526177275595388,0.17753365809994015,0.11482690436526612,0.10797701805013406,0.052911517326425364,0.0661302320458406,0.07097212220127137,0.069382421660941,0.04547242579491107,0.04513069652900899,0.021799852149837887,0.013303641605640341,0.005257894593830051,0.010734462785278983,0.0023097261768245878,7.661953284087808e-05,0.000201046802108554,3.212655140156383e-05,0.0005724609990203081,0.00011339997352425218
25,0.19306010766472717,0.1592945053904087,0.10423596523773174,0.1312237782115046,0.07232641467789527,0.05105755962325675,0.055681620567891166,0.07089701977984385,0.04634318034955062,0.032601856484415534,0.033022868339019816,0.020469705293651438,0.0033840454763522983,0.015628881191380988,0.008030696694658817,0.00018732401400615545,0.001255630983382974,3.6041614670255256e-05,0.0009264996476265109,0.0003362987580253477
26,0.2012515217311681,0.16482988471914137,0.09278922785531411,0.11531118582218862,0.11455036666953583,0.05298601844327816,0.04116985008725419,0.05984404301546036,0.06216538691174049,0.04251004258643874,0.018504376655890904,0.01547225754671405,0.006321521595079611,0.009841741842660396,0.00015494776020343723,0.0012139474384588451,0.00016326325642512186,4.324441911837582e-05,0.0007263460502546027,0.00015082559367456406
27,0.1979693561140202,0.14986720174949306,0.11379386699878338,0.1128588568809975,0.07271133604343291,0.07602013151211962,0.05837513832837296,0.061840660361021024,0.06041780700873658,0.0242849440999566,0.029228830231576946,0.02627819732337081,0.007697588782631295,0.0038637602744212496,2.4117597012735424e-05,0.0034692435386209806,0.0002315240909717177,2.78516377013253e-05,0.0009340525385988682,0.00010553488816018462
28,0.1935152508510843,0.18179635297821903,0.10907581810398378,0.11078143183982231,0.07363296625662698,0.05464318433298392,0.0689400496266673,0.06220820956684167,0.03545864196046275,0.03370102172171087,0.02562665489493164,0.033479587759756985,0.0035654514078715307,0.007537834274683901,0.003520072451120382,0.0013461536567185067,0.00015538783028685467,3.652472567061318e-05,0.0008249961421852852,0.00015440961837140578
29,0.1874897233598864,0.17266545931734734,0.10940823300571481,0.13426190233701396,0.08278891113097699,0.05459428052055411,0.05386615928570814,0.06396331416036634,0.05629195349772245,0.028102758539026523,0.01714671375884251,0.021458003241980814,0.003487991404759232,0.007334802123545612,0.00586458720509382,0.00018017451788422372,0.00015481459888119417,1.719262228981685e-05,0.0007440356517541125,0.00017898972065150153
30,0.18568067559778836,0.17854661819893514,0.12711682162579332,0.10692864876282751,0.0925826572632829,0.06385115849205236,0.05909225984220374,0.026435037798962346,0.05360981840109573,0.012317930749647764,0.026625116751398302,0.0446212586352435,0.014206995245340297,0.004868290166831316,0.00019578065120916886,8.023506145082581e-05,0.002603652516911076,5.795666938538607e-05,0.0004630739802422659,0.00011601358939870121
31,0.20795075186127482,0.18096148656299615,0.1044106664449269,0.09410730076230875,0.10508030674035003,0.061050452349842244,0.05067670483386484,0.02421183395438766,0.059614770486862784,0.011000901123870841,0.036290865081733584,0.03153372303686807,0.01211170925674199,0.011817020315833643,0.003507414314623804,0.004769384715503705,0.00019967841362616496,7.169744875948374e-05,0.0004953539547849007,0.00013797834083967387
32,0.21803851289217172,0.1707416331913101,0.10714058026072788,0.10349286244119442,0.09274671997824253,0.05612626750826161,0.05173319524760574,0.013633138483888595,0.09824669774820516,0.007503812346096183,0.024445136738899365,0.0302127095703071,0.01729453177154647,0.006281107074849215,0.0012197653290377105,8.983704311153908e-05,0.0002857265398751063,5.0146038818168315e-05,0.0005741007230006531,0.000143519072850694
33,0.19425677487312804,0.18257491350019353,0.0990244038855599,0.10036373485418304,0.11842751716906028,0.06924175430749778,0.039194129658585326,0.023084919115124405,0.06587670713375773,0.00999867463123857,0.020657807006997597,0.04656103583288911,0.01491009539924173,0.00720091405451963,0.0048655045741995695,0.002487863655949834,0.00037999709039205476,1.345139297918305e-05,0.0008309830887196818,4.881877578316229e-05
34,0.17804260783635037,0.19246727369951047,0.11755507580449885,0.10631057591157816,0.0935698045031624,0.0868720151888423,0.05555981997002304,0.022874967403440628,0.05748679454436748,0.007796837613930602,0.019577671325526628,0.030049031309800814,0.012073988833122737,0.009520519208401163,0.004442330412295069,0.0035365850758831436,0.001510543098197766,7.975096703185858e-05,0.0005778794068519496,9.592788718467285e-05
35,0.17929626602222307,0.18279779755651118,0.11089681911867823,0.08987221206133147,0.08327244532048773,0.10205990834244931,0.06519034243046498,0.023304687150366783,0.05706219556456062,0.008884329867427715,0.023939560729247192,0.04278880693195557,0.01846984448571839,0.008199267271186587,0.0013378283094019631,0.0012829650274620687,0.00027577072510906984,3.94602262797981e-05,0.0007386340216893625,0.00029085883744890846
36,0.202874691098172,0.15969568028352996,0.13145844359534326,0.08234294496694014,0.10254293680185066,0.08902945972527292,0.06583686118403577,0.0255605187437373,0.05219968774999885,0.012221753679878716,0.018177627024464967,0.02774789904809721,0.019865483682803057,0.005030321087878829,0.0011941240610878598,0.0011956466609610872,0.0013413731830285273,3.0834606885705674e-05,0.0014644337578270977,0.00018927905820599592
37,0.22379073793679835,0.18286332606317698,0.10835927115880417,0.10213571670110896,0.10585262200478884,0.059711492318953265,0.04946780859335476,0.024251242089873816,0.05442128509594833,0.0074214511365796295,0.03138710406056007,0.026305645275590258,0.011870297403064169,0.006125295433412478,0.0023587521786522666,0.0013105831895465145,0.0013574254484892234,8.511453080951217e-05,0.0007440338837216324,0.0001807954967667879
38,0.1937197620118338,0.18966446476960536,0.11291236811788531,0.09557949851161415,0.11816261042586358,0.06706514863675955,0.04480653332358209,0.019356898751947946,0.06834321256581838,0.009583607891227938,0.02144887468884714,0.03233401590807074,0.017337990941343844,0.0049601875187151,0.0024722667246922844,0.0012373957404134429,0.00022642704758247354,4.622437095806059e-05,0.0006505701983632188,9.194185487561445e-05
39,0.19240674323278759,0.1636657925260096,0.14675940531893936,0.09492644712322734,0.09456426769447322,0.06970258318639506,0.04848895886719742,0.027849197089118784,0.054491733040422256,0.015886466139761246,0.0241885295417049,0.03474262362896671,0.020285919338965935,0.007208466507785648,0.00019297058947988232,0.0013845112260016483,0.002609114910812471,3.208322302511127e-05,0.0005088679517326847,0.00010531886319323438
40,0.17680509392569932,0.19976216433809893,0.11309666897628812,0.0954261074058627,0.09554727324048284,0.04426540267357995,0.07324766057635541,0.05697184296484831,0.030426917473289992,0.016680379157758034,0.032635209782762804,0.03999998652347953,0.013095161871125678,0.003734496301137898,0.004791367150858417,0.00022951670167755428,0.0024999642100787907,0.00014940723122927493,0.0006073529939505336,2.8026501435896432e-05
41,0.20156094177011866,0.1883909584402555,0.10606837781161811,0.10827804251495493,0.07859153199655725,0.060217982608418,0.058383949688768394,0.050432843234267916,0.04850815802267307,0.010728138266270691,0.03538002011351097,0.02293736821468213,0.01139091988121521,0.009732092894666911,0.005858696690265384,0.0002507106228322734,0.0015139786008830812,0.0010830518179888316,0.0006241076947467681,6.812911530604726e-05
42,0.1666130883472908,0.22525416728728723,0.10174119897614171,0.11236074926690807,0.07653487824855879,0.05699989426879538,0.07779569300130124,0.04507193061472305,0.017335028646492494,0.01196044597852973,0.047165260609483235,0.03513548247513227,0.013632326951807062,0.005076172057022187,0.0036149821806575532,0.0013296106682506245,0.0014859035891738289,7.848371554719763e-05,0.0005408011687462397,0.0002739019481514199
43,0.18134079928938582,0.1747656831169438,0.1307507534564046,0.12256074232824425,0.06860762318471124,0.06868370611143845,0.07766909214170539,0.04100101598855239,0.038758339278966485,0.006230602839935462,0.03734843353257067,0.026268536092418228,0.01012080640483818,0.006210319668122877,0.008174178105101753,0.0001729036318320551,0.00034935076861330474,0.00012407033208226484,0.0008330769067746084,2.9966821358098953e-05
44,0.20575328606897106,0.17306244158781514,0.11465131547501713,0.11491644620428373,0.06280698488283007,0.07963121573121501,0.06917007595107853,0.04040466642168464,0.023309980155736234,0.009625423512792976,0.02828911670914202,0.038071515862642014,0.012435312037290789,0.014325654639547492,0.0047768042591805615,0.003538300817666855,0.002700497220424043,4.127213787190113e-05,0.002436129134422928,5.356119038685853e-05
45,0.19036802771071348,0.1761085917125628,0.13077834279414147,0.08472002836693633,0.07119853516444268,0.061893617123913905,0.10125183624633383,0.050600291351195634,0.046974194723178535,0.014489786873985302,0.026599041934584608,0.025015126655279322,0.007947164580978168,0.002460553063673945,0.0048054695446941385,0.001393205101758596,0.0014131299468854897,7.281296907553987e-05,0.0017636257656003587,0.00014661837006575516
46,0.20148331415590687,0.17255912901440587,0.12714932800141868,0.12865142767722793,0.08564569633664522,0.05472635896614484,0.07161894528750085,0.0410537959403508,0.039932196164665604,0.009588892128799842,0.019761650934622607,0.02989489523050342,0.0035482666425730273,0.006150189718743685,0.0035182867244188836,0.002367765655327441,0.001362178998001783,0.0001293691226738224,0.0008066620848075258,5.1651215261387726e-05
47,0.19684056076176717,0.15690294618773065,0.14610585435136275,0.11876363563144278,0.05917021223759966,0.06176101700024973,0.07194562198790658,0.046288175415385116,0.02183818820867921,0.012077009335548334,0.03207810372229332,0.03591644243771374,0.008042685456481784,0.022584063978159093,0.006019054037537965,0.0012907833223867631,0.0002729613504760611,0.00010481376774817843,0.0019444589974371227,5.341181209391828e-05
48,0.19636920858259108,0.16923299987310067,0.1030867803625528,0.09078048882767677,0.08763996587467353,0.08061205446370258,0.09798719993063532,0.04136017538193702,0.02674997223655085,0.012898682912504683,0.03412242365606257,0.03217193419527037,0.00829613420473387,0.00962833866939805,0.005903464926765672,0.001333369360859344,0.0005721705620380202,5.856183221403648e-05,0.0011313663436868428,6.470780304581064e-05
49,0.1983660134015813,0.1762352196826274,0.15087232340620194,0.09406205088271384,0.05934011309974664,0.06587272051978363,0.08934261943624458,0.036523026458485375,0.02081414538159597,0.010839175807601537,0.03601709638864918,0.04554426756064561,0.005475423633802226,0.0036395088621473306,0.004874698596703065,0.00010762817697745235,0.0004220011466751624,9.132905964468515e-05,0.0014695424427152127,9.109605545792621e-05
50,0.19261248504306996,0.19106981021269961,0.11208197050616252,0.1167608557544703,0.07372725384552863,0.030718727839885072,0.07652020603657322,0.05193719926610556,0.06954867048182733,0.014503869264642543,0.013572674344805337,0.03884925992841893,0.010103022857256514,0.0037042765391933547,0.0034730141509566005,9.084204456695479e-05,8.052592323682705e-05,7.322996056666638e-05,0.0004725190796710808,9.958692036288603e-05
51,0.2041615529867457,0.1838220322141972,0.1251566945522603,0.09636144274921354,0.09897188160684395,0.04506633233596168,0.07847789051924141,0.05304515182719095,0.02936906193821519,0.009788498540467127,0.014800454953450146,0.037284294558758604,0.006526771140065994,0.009465207159175619,0.005711257958892765,0.0012242778760844153,0.0001137339529641724,9.644678341390215e-05,0.0004685812831285506,8.84350637287383e-05
52,0.17847193846718556,0.18303413700554627,0.12011229391562196,0.12762199603900068,0.09690269240587147,0.05459153061751896,0.06112056681367654,0.03559984898543851,0.04721516465220842,0.011313838910788328,0.028087378553587936,0.034651491869117514,0.008659413268632486,0.0071817469129916035,0.0011714132778212788,0.002385302099347685,0.0002760615728940235,0.001145123534889503,0.00030727263143104166,0.00015078846643019246
53,0.18444871958491707,0.1805920066275051,0.1265432382962063,0.10264773377363487,0.08739406370239593,0.05051532508097363,0.09171583706710977,0.043847674460340755,0.05216719475815997,0.00995292163386772,0.01971658017724564,0.03254095486968646,0.003801952626002604,0.009629650688873384,0.0012681668966924384,0.00010265843320241416,0.0023833728135925695,6.062646318370558e-05,0.0005141239852078524,0.00015719806120162072
54,0.1847604455798083,0.19036318841963132,0.143683978055456,0.0881162565751812,0.09024237498859344,0.04185628594625177,0.07383717605057724,0.05617655694824609,0.028215250545264848,0.014637223087919881,0.023167769466498456,0.04629191837521275,0.013272774587256071,0.001318552979073574,0.002310507638660103,0.0011796560350772493,0.0001324503553878384,6.405963850622702e-05,0.00036004389529677226,1.35308321008954e-05
55,0.1892534253974926,0.18128528034506772,0.1269886766607795,0.11998011059658979,0.09824370832739791,0.03408138083957684,0.07647212530280649,0.05357969722334338,0.03178365620245622,0.009618875382474553,0.021836986535900004,0.030311154067288196,0.01593905805656879,0.0047848859319770225,0.004568407043415879,4.676586386536244e-05,0.0001568590355145808,7.696551754124362e-06,0.0007132369565458312,0.00034801367918518817
56,0.1654565895185732,0.19626287524229732,0.12975908777475692,0.12098604346078284,0.07142913486536827,0.05528065014041538,0.06428020204131964,0.041273403618580486,0.04876097165238436,0.023719247746773954,0.021787411433938964,0.034035492698378765,0.011109175636354137,0.005862696086544173,0.001136423189319857,0.005533460104226042,0.00021345336522215564,3.2418315394262146e-05,0.0028149000116681954,0.00026636309770089646
57,0.18268607557748437,0.20666939569849754,0.13121669260907837,0.0962346625186762,0.08373591757680801,0.03514762732643501,0.07467009590378612,0.0519397592841777,0.03398412356085514,0.01699851036696537,0.027658934714066177,0.03141715924818803,0.00875321009563402,0.014254417956228787,0.0023839373143131845,0.0001337820242535629,0.0001496227632630398,6.597689931096766e-05,0.0017159998515577108,0.0001840987104207129
58,0.181019706149562,0.2095264267541788,0.12220395683344439,0.10371913403549954,0.0820653715448228,0.06077704659383249,0.07172645202842487,0.041395930562553876,0.03062373737639525,0.008611202649235605,0.03408800869771216,0.03850988555747771,0.0029784284741994,0.010572827620406067,0.0001353270884581703,0.001129546746214823,0.00017264039624898065,0.00011384144697446968,0.0005764099836381674,5.411946072058821e-05
59,0.19625083209521485,0.17243697636943817,0.11627197006170668,0.08122500621315158,0.11334629318594913,0.048625854860106406,0.07186177497417902,0.0689576087020133,0.05118654795879012,0.007616949710703663,0.01742345115012076,0.03480979272398762,0.008744467009455494,0.007023486240347524,0.0012254015686929385,0.001133381261912903,0.00021061079513379048,0.0011483287316568472,0.00045618580017437013,4.5080587264966876e-05
60,0.20683965053755105,0.16326147960064033,0.1008809414341343,0.10609296939897435,0.06257855994260147,0.07781601497939655,0.0803018623118972,0.03172023011005723,0.07822735719187798,0.01086245564291052,0.017375315451226395,0.0345505890575455,0.008624360891312056,0.009540307002047619,0.008099376287888614,0.002337973354681877,0.0001754476199192451,5.433614311337415e-05,0.0006039349453892919,5.683809683493941e-05
61,0.1907752683978323,0.16857570002618502,0.141019830147975,0.08927010545117715,0.07985453710425043,0.09227274067114674,0.056463716598958255,0.017121134378123945,0.06224073491237639,0.00505279474626491,0.029355783041584944,0.0412386161772734,0.005166210588286016,0.014508907246540144,0.0023343947882381037,0.003637992381165393,0.0002548649514010706,0.00016240546104769965,0.0005344966147044821,0.0001597663154687323
62,0.1938654004798901,0.17552022337147458,0.12808175348253611,0.0925886217389642,0.052465210169382284,0.10978433400893123,0.07330124296520894,0.02393156818852014,0.05685150531086325,0.011872003905115636,0.01330229669390683,0.04105829432791441,0.003786432216205703,0.021307408462335628,0.0012480967287801792,2.5398179334108862e-05,0.00015791214112035855,2.8117565923113952e-05,0.0006930610988111061,0.00013111896478196526
63,0.19465977156529501,0.17961569205880631,0.12473669093243382,0.12223968970589098,0.05395935861012566,0.08285079753263769,0.057134945154702875,0.030144393825209885,0.060733017472321224,0.00959175933270167,0.02168280393542118,0.039880908480768425,0.007625963537406039,0.010308374745281285,0.001221661401315172,0.0014056091173887668,0.001382645898034681,4.045706042306303e-05,0.0006907470788811498,9.471255495492983e-05
64,0.221419895247862,0.1651154859416745,0.11877120768834182,0.09957948352371422,0.0756062815454289,0.05988687564218429,0.08153954620445404,0.01588547117199333,0.05113804197398472,0.010667341635989648,0.02909346230382661,0.04816092347873312,0.00645810797013706,0.009888442968729762,0.0046501004054754075,0.0001513629348055478,0.0012601936401742423,7.117363984495154e-05,0.0005825511103750489,7.405097227065114e-05
65,0.19600013943954134,0.18617635990311826,0.16347063032691223,0.0820260332652213,0.09729454200093847,0.08831582600694592,0.05495409567781966,0.016938737900226136,0.036867592960501586,0.010749796201375512,0.018592191678750036,0.02579974473948907,0.006369828299149407,0.011874648045566906,0.002445168522867269,0.00013263831065630434,0.00018344912230430744,4.743541050597776e-05,0.001739234170610966,2.1908017499341133e-05
66,0.20064021604045823,0.1761084823518997,0.12893232259338974,0.1142429373861563,0.06951480826982195,0.06787520838453169,0.07864596930394481,0.014883276162476557,0.040383689770200105,0.008196404424991473,0.02445280703940992,0.047985293623944096,0.006579667019270507,0.017932827534809556,0.002537413406766658,8.830011253034064e-05,8.971064827673021e-05,2.4343991693646293e-05,0.0007794560508462325,0.00010686588458177976
67,0.19334197844954282,0.1874147324513562,0.10462725414904663,0.11316200957751357,0.08616624876767982,0.07415842452974174,0.054660785516396165,0.027544342734120573,0.06719244319461481,0.00845451191473631,0.023178254267608837,0.032495080890650896,0.009979013832296955,0.007392449100447752,0.009136739744730069,0.00011694630987335959,0.00023217045768756078,1.1209648687914367e-05,0.0006579247623355823,7.747970093230034e-05
68,0.2008336028991141,0.16555348603825681,0.14249992225303976,0.1065834095116068,0.06874741750649178,0.07786065211099487,0.07673418823966936,0.014962128700396829,0.043603383551605555,0.008322963796453762,0.02702519198961234,0.031828251264763664,0.008177911484036106,0.017846567136734104,0.004626664806882773,0.0024100492145571898,0.0014427231462147583,2.939681994714262e-05,0.0008574821270072116,5.460740261512121e-05
69,0.2055197456880303,0.1993127060906623,0.1423566311437878,0.09184216593378754,0.09981868588403818,0.0464517312356719,0.044961560209709026,0.035732046452903385,0.06359908082628805,0.006996207229825377,0.02083722158456605,0.02297865095576791,0.0030462750962108394,0.009746160308324708,0.00348426745969972,0.00013826663195529268,0.002440448980046818,2.6052553485924303e-05,0.0006777142537168035,3.438148152210121e-05
70,0.16627332178608153,0.19450679393825115,0.1369082620964286,0.10335916114770381,0.08365304663665335,0.07303323182117981,0.07645035628263526,0.048960213104991865,0.019566808839663278,0.020858162647283705,0.021944367282203708,0.02778754049825267,0.013841586164135087,0.005901308595246283,0.002549741205598469,0.0023784421589994956,0.0001318410942113151,2.9227532988062945e-05,0.0017351275671984897,0.0001314596002940996
71,0.21852446690412966,0.16437986220065331,0.1003135097385668,0.0940966566844855,0.08167890650331026,0.06754273683227582,0.06597103865236598,0.06854392804500965,0.013456089116578808,0.04770400611432503,0.015098131249555504,0.034747340977800696,0.009360592436622085,0.008131461164886764,0.0071512508761587,0.00011828743019591601,0.00015930826540197298,0.001177385847360616,0.0016741577294342082,0.00017088323088265038
72,0.1886700730243812,0.20142498831955893,0.08575442999528288,0.09401522354025567,0.09302143843491845,0.060023120487727386,0.06569921318703124,0.06228427965729138,0.048326750712280445,0.04153969704994491,0.024102894245105463,0.016814929905036184,0.011511470823401085,0.00016200307171084248,0.0012413366094767295,0.004570476356830563,0.00013868909484081345,2.505683515538708e-05,0.0005027747120952266,0.00017115393767523735
73,0.17327569358833927,0.18252296998651574,0.10175000667030522,0.13231353087518397,0.08714488016214418,0.06269547963456745,0.06897257085062067,0.04998651738894048,0.022656122408882887,0.043193408762955056,0.025388293884317785,0.02600413373686819,0.008463947925513436,0.010476337015530362,0.0022977114935878967,0.001216487247783706,0.00016133630940260823,4.595438799382992e-05,0.0009383226223364919,0.0004962950482107541
74,0.182330113688723,0.19055518950894845,0.08707043472968425,0.11526747533986265,0.0699201356101804,0.093490515377155,0.0604198180002091,0.062341659517557914,0.02664081702959395,0.03780566600375386,0.024328452848307532,0.0217856352808182,0.011708498871692136,0.008314245845141654,0.004598214567562685,0.002560040535541739,0.00015552290380787685,3.152945939075448e-05,0.00047049979037817955,0.00020553509169079603
75,0.17008770365790024,0.17876627242980633,0.11135102755081396,0.09068926498222966,0.09597566910863184,0.06917211290019923,0.07770344358330687,0.06836528589528067,0.014545066096646363,0.03767748314953423,0.03193799120409325,0.02848005253875208,0.008230266228600479,0.010709961334474263,0.004902776330565916,0.0002218317037843283,0.00041815443765491216,5.2181614354022394e-05,0.0006045750409966344,0.0001088802123745435
76,0.18959713434337713,0.18633107322884246,0.10643471733127693,0.0804635767393043,0.11121072348240663,0.07673157162584934,0.0778622432530551,0.05972909097350572,0.027865580242404604,0.02189300411875213,0.017232179936766175,0.019188186454651666,0.01397117675161021,0.004742498729471536,6.120084772219856e-05,0.005824725691625023,0.0002744963649424261,4.204494724846727e-05,0.00048122406505491657,6.355087213309167e-05
77,0.1721262247608533,0.18912539855610416,0.1085448234181192,0.12173166108714502,0.11682691728937583,0.061896502413073026,0.04830887503274875,0.05627670437488003,0.03012594079021235,0.03060430104076212,0.024343142803561715,0.020352241869748197,0.010810746171654293,0.002575378602990265,0.0024070597749471065,0.002519441427989444,0.00021910617776395834,6.180502860851338e-05,0.0008879448896038148,0.00025578448985883996
78,0.18231567560723275,0.18650082861442996,0.10117519938217821,0.1234050576902529,0.07127793664634521,0.06774233624517231,0.05576141094206411,0.0746470408151882,0.030013159730970632,0.03986588492238636,0.025280423317962417,0.019265663883017817,0.010652850264636991,0.004747999836254539,0.0024047727490290978,0.0036957240622756764,0.00020907391578536778,9.649922665358491e-05,0.0005966132937324534,0.00034584885443143495
79,0.19941937857307196,0.20803872360716277,0.09653175238252165,0.12377581009733114,0.08366206654900006,0.042753183742459476,0.05920963284319464,0.0693882922057586,0.01817684544475444,0.024452941655451848,0.019432314816854066,0.027577962528239058,0.011318260402545032,0.005820520190396858,0.0035145517082551926,0.005855132284613035,0.000174426465675488,6.63788243702038e-05,0.0006841641013475048,0.00014766157699687895
80,0.2176206112030278,0.18950376348888326,0.100679264492277,0.11565309755579843,0.07397921336206748,0.048488572465595896,0.06670966484645903,0.06727310151804752,0.050112269274204806,0.029127669895720402,0.011367471436324389,0.0193585369844796,0.003182184491380084,0.001329141019986976,0.0022908754010895578,0.0012765182225107016,0.0013053440198176247,9.829862405141212e-05,0.0004928817337807969,0.0001515199644972053
81,0.23067273969018592,0.191024243335035,0.09521960304661897,0.08616989984972699,0.05636800132687342,0.049765978591103016,0.0499439463837517,0.08574600223857767,0.042747377555481116,0.036554803794228076,0.04647094952157676,0.008488862975196038,0.0028752635496557826,0.0048597450824826366,0.010225867391597976,0.0003496564379265884,0.00035009071276791425,0.0011941724283082145,0.000673112457467064,0.00029968363143922705
82,0.1874977307387896,0.16359445178269233,0.1117586076311429,0.1114988469689548,0.06846942674470233,0.07534120975561549,0.08167604326380822,0.06734212067661464,0.037015154087468284,0.03390649126946718,0.026522680536408074,0.0188733561657778,0.005258206564285219,0.002512495334514267,0.0034904671243535853,0.0038059410555189273,0.00033403204835379965,6.496416842983591e-05,0.0007493376952377914,0.0002884363878648701
83,0.18039279726185686,0.193094100013239,0.10323110877725712,0.11261413069849127,0.07365674953424817,0.05390231153956549,0.06960347682327028,0.07138301764959384,0.05050020984125438,0.04164279708309754,0.018557777177944847,0.015585937010100465,0.002030786596276095,0.0024053423759103367,0.004617362963987706,0.003533677716384957,0.0014414259552330002,3.850768103921333e-05,0.0015647439738767338,0.00020373932737270298
84,0.18705544875998517,0.17119101391081826,0.10225076153417006,0.09563240495079406,0.07113491879680715,0.06492541361167202,0.054917131543418735,0.08730435088770891,0.04624800399354775,0.05515511874926705,0.028993252496827878,0.015438174121822912,0.006540272786433291,0.00345114635500991,0.005660402159755776,0.0027789990829371475,0.00033037251264796634,7.023531382525247e-05,0.0005495358662934098,0.0003730425662573755
85,0.19272072612210756,0.18238461251314106,0.09561119948014285,0.10696763786405247,0.08100770608206785,0.06172192449244628,0.05601839769006449,0.06946520123360059,0.05828630456005986,0.032992245688819574,0.024122138978330567,0.02244292970781534,0.0076731431602473765,0.0023993993860713498,0.0024447708476635866,0.002525034000826113,0.00031473780701481776,7.562317026600071e-05,0.0004979378149089041,0.0003283294003532988
86,0.18550476664230245,0.18809412957173466,0.10264422615398851,0.09155354570408696,0.11694453658558286,0.07564694418224445,0.04738181170765732,0.05012573530261376,0.06254194176943297,0.031807289382652267,0.01380729574768721,0.01932085652410569,0.00768853907087672,0.0024951453982789825,0.0011337614190731096,0.002481167309698325,0.00022077696007720405,2.6804587378833414e-05,0.00045359608849035595,0.00012712989203759583
87,0.18803073412640564,0.17386850987112495,0.11476850524138323,0.10938522664186334,0.07114314475295314,0.04741535402690532,0.06569118160902236,0.05280765696866723,0.051470207293507354,0.04109967369146569,0.026677951498341592,0.040797912897534566,0.005469488018845159,0.004520531829676847,0.0014148606541178044,0.0039103343166195835,0.000332031030484766,5.762924199999376e-05,0.0008514010381003908,0.00028766525098111246
88,0.17725191041963093,0.162209092585927,0.11570294252060548,0.1120228489358118,0.057125957536164694,0.05598511000331129,0.10064704086086773,0.08339090318146229,0.046401169766977994,0.04019058887802693,0.0195927397733175,0.0204159979710488,0.001691129061887258,0.002435120776957757,0.0012379807326388683,0.0023594465836819147,0.0003490612186776874,7.818553390826258e-05,0.000584250720170308,0.0003285229389254084
89,0.1883649487890556,0.17872739599474327,0.10039468664572554,0.13921363931468603,0.06139395828512805,0.06522026694687115,0.04984623334578507,0.0792695749074112,0.04626237769632935,0.04491766783580419,0.024372096099639074,0.008402079264499204,0.0018991293189493576,0.0024574345735396703,0.005723970215820401,0.001399073559676127,0.0013688903174754652,4.737035098993345e-05,0.0005154158657914691,0.00020379067207983907
90,0.19049432734407035,0.17380660649001745,0.090736023914814,0.11229347094310883,0.09123155509892131,0.08491862905974737,0.06074270781762826,0.051249723517265824,0.046901112123481935,0.0448806151310179,0.018415566429954938,0.016652090324390835,0.004706413072373409,0.005823398016246383,0.0025274187494095258,0.002466806177979122,0.0002800993099328538,0.00011701206542085444,0.001593997259481194,0.0001624271547377739
91,0.20719644133393927,0.1865890585926118,0.09409479024729613,0.11137632701363177,0.07249815024544415,0.06934633939556274,0.05067835033719716,0.06805414405770255,0.019482358193649508,0.052878274728679876,0.025230917923838126,0.016698451337341734,0.003545785151053076,0.005856838757738407,0.008183849970320978,0.006006757042029648,0.0012971114421121204,6.18310407145136e-05,0.0008064102364622772,0.00011781295267420783
92,0.22444816974411966,0.16114544567676642,0.09452593691230021,0.08480338589323327,0.07841860135234799,0.08521887379474331,0.0459536370915987,0.07180323817606725,0.03505758536672584,0.05579996749976585,0.020686013444307014,0.023924660742859157,0.007213697054359512,0.0036146738652085325,0.003708490537565901,0.00251183446086063,0.00024602296037585115,4.290705651839152e-05,0.0004785485418190532,0.0003983098284574701
93,0.20340063617237755,0.14827363430101084,0.11512109757072733,0.11677299835819778,0.07522792846318029,0.09866257729426574,0.036655505251177424,0.05898909771159923,0.03977094370824076,0.06185181365118638,0.013593184472177593,0.017582994420897783,0.0024416718335276187,0.0025133299404476307,0.004620179778130738,0.0036006963050459096,0.00027421117259437787,3.9678136734325775e-05,0.0004968505068716181,0.00011097095160892846
94,0.20736538703905047,0.16432392910740756,0.09869844583937257,0.1180130842959379,0.08618807900915351,0.0702169872513796,0.06070307637793784,0.0671294842028602,0.025832691969143458,0.04015636671072919,0.024476021763908676,0.019038222718735717,0.0025293188743620637,0.0025445875359457527,0.0069575815238434,0.0035394038697509245,0.001382931097515537,3.1337308440561315e-05,0.0006969888719278628,0.0001760746325974195
